  -1.6000000000000001           (-0.87472254373173430,-2.27695502055764887E-015)        (0.39381885235325204,9.61321370563967269E-013)             (-0.89887640449438200,0.0000000000000000)
  -1.5967935871743488           (-0.87573553517166658,-4.20859391963746172E-015)       (0.39271016372278356,-2.35646513823161727E-014)             (-0.89966543847634461,0.0000000000000000)
  -1.5935871743486976           (-0.87674919981297617,-3.42325611903890733E-015)       (0.39159299684759175,-8.15552365712641306E-013)             (-0.90045381143100489,0.0000000000000000)
  -1.5903807615230461           (-0.87776352367375410,-1.21629492563852846E-015)       (0.39046731059523010,-8.89285734392541643E-013)             (-0.90124150383096557,0.0000000000000000)
  -1.5871743486973948            (-0.87877849257801655,1.69709522896646006E-015)       (0.38933306380413868,-4.86042178678639660E-013)             (-0.90202849594586121,0.0000000000000000)
  -1.5839679358717436            (-0.87979409215266813,4.64029715136374073E-015)       (0.38819021528337150,-1.65100457263360504E-014)             (-0.90281476784056125,0.0000000000000000)
  -1.5807615230460923            (-0.88081030782442082,5.66712616032649548E-015)        (0.38703872381316246,3.60346148245940260E-013)             (-0.90360029937336095,0.0000000000000000)
  -1.5775551102204410            (-0.88182712481669101,3.33911268766826546E-015)        (0.38587854814704015,5.86345042733645026E-013)             (-0.90438507019415693,0.0000000000000000)
  -1.5743486973947898           (-0.88284452814646763,-6.63904026024200956E-016)        (0.38470964701369859,5.78594130790109716E-013)             (-0.90516905974261175,0.0000000000000000)
  -1.5711422845691383           (-0.88386250262114319,-3.40130471656140837E-015)        (0.38353197911728837,3.47357459730168801E-013)             (-0.90595224724630263,0.0000000000000000)
  -1.5679358717434870           (-0.88488103283530406,-4.17917204846370527E-015)       (0.38234550313752591,-4.43515999447838966E-016)             (-0.90673461171885861,0.0000000000000000)
  -1.5647294589178358           (-0.88590010316749346,-4.27604450747661850E-015)       (0.38115017773146498,-3.72465325624890731E-013)             (-0.90751613195808234,0.0000000000000000)
  -1.5615230460921845           (-0.88691969777694679,-3.80803787017403281E-015)       (0.37994596153619864,-6.27368858170408367E-013)             (-0.90829678654405999,0.0000000000000000)
  -1.5583166332665332           (-0.88793980060029676,-1.91986055711759484E-015)       (0.37873281317050722,-5.15477960852178445E-013)             (-0.90907655383725539,0.0000000000000000)
  -1.5551102204408818            (-0.88896039534824589,4.31137904783345834E-016)        (0.37751069123530295,5.64768424841133511E-014)             (-0.90985541197659237,0.0000000000000000)
  -1.5519038076152305            (-0.88998146550219004,8.56644219319813048E-016)        (0.37627955431427412,7.29266078993852400E-013)             (-0.91063333887752274,0.0000000000000000)
  -1.5486973947895792           (-0.89100299431084085,-1.07584986866856386E-015)        (0.37503936097556106,8.82615658069792648E-013)             (-0.91141031223007929,0.0000000000000000)
  -1.5454909819639280           (-0.89202496478679327,-2.74512763892496100E-015)        (0.37379006977404106,2.24171926301933785E-013)             (-0.91218630949691715,0.0000000000000000)
  -1.5422845691382767           (-0.89304735970308002,-1.89061555558090569E-015)       (0.37253163925384525,-8.09983629217443382E-013)             (-0.91296130791133889,0.0000000000000000)
  -1.5390781563126252            (-0.89407016158967778,1.03970207535888392E-015)       (0.37126402795068580,-1.28422661161621904E-012)             (-0.91373528447530772,0.0000000000000000)
  -1.5358717434869740            (-0.89509335273001922,3.61938422880030752E-015)       (0.36998719439339162,-6.03872228608910054E-013)             (-0.91450821595744547,0.0000000000000000)
  -1.5326653306613227            (-0.89611691515743574,3.65893564988933016E-015)        (0.36870109710475679,7.01127371670699273E-013)             (-0.91528007889101692,0.0000000000000000)
  -1.5294589178356714            (-0.89714083065160199,8.27525924038460404E-016)        (0.36740569460292577,1.29277884528624243E-012)             (-0.91605084957190064,0.0000000000000000)
  -1.5262525050100202           (-0.89816508073492229,-2.57011206253935616E-015)        (0.36610094540423205,4.97049918699446906E-013)             (-0.91682050405654492,0.0000000000000000)
  -1.5230460921843689           (-0.89918964666891799,-2.96040102039644911E-015)       (0.36478680802661934,-7.64830850348984965E-013)             (-0.91758901815991034,0.0000000000000000)
  -1.5198396793587174            (-0.90021450945058057,4.63780446076130553E-016)       (0.36346324099230604,-1.03197505067768143E-012)             (-0.91835636745339777,0.0000000000000000)
  -1.5166332665330662            (-0.90123964980868754,4.19676213149924158E-015)       (0.36213020282957420,-1.30092929613838546E-013)             (-0.91912252726276267,0.0000000000000000)
  -1.5134268537074149            (-0.90226504820010589,4.39112106089164717E-015)        (0.36078765207454894,7.15775821684342358E-013)             (-0.91988747266601534,0.0000000000000000)
  -1.5102204408817637            (-0.90329068480606411,1.61177776034849917E-015)        (0.35943554727351390,5.68304825224904037E-013)             (-0.92065117849130651,0.0000000000000000)
  -1.5070140280561124           (-0.90431653952839930,-5.33165796511626026E-016)       (0.35807384698580869,-1.71538768531958382E-013)             (-0.92141361931479848,0.0000000000000000)
  -1.5038076152304609           (-0.90534259198576983,-5.03124076131813090E-016)       (0.35670250978733287,-5.68048137062935943E-013)             (-0.92217476945852406,0.0000000000000000)
  -1.5006012024048097            (-0.90636882150986164,7.39484564175141379E-017)       (0.35532149427416632,-3.03614525864909916E-013)             (-0.92293460298822860,0.0000000000000000)
  -1.4973947895791584           (-0.90739520714156141,-4.00951011390823606E-016)        (0.35393075906533883,2.85172000756231830E-013)             (-0.92369309371119979,0.0000000000000000)
  -1.4941883767535071           (-0.90842172762711204,-1.69242007787502209E-015)        (0.35253026280467881,7.34849627802435540E-013)             (-0.92445021517408255,0.0000000000000000)
  -1.4909819639278559           (-0.90944836141423635,-3.09090667528483457E-015)        (0.35111996416315938,6.70013427719856841E-013)             (-0.92520594066067974,0.0000000000000000)
  -1.4877755511022044           (-0.91047508664823984,-3.72085920874878577E-015)       (0.34969982184284437,-7.43879194930184308E-015)             (-0.92596024318973891,0.0000000000000000)
  -1.4845691382765531           (-0.91150188116808695,-2.44616833135309956E-015)       (0.34826979458166152,-7.97269908615159425E-013)             (-0.92671309551272452,0.0000000000000000)
  -1.4813627254509019            (-0.91252872250248551,7.22517070897550840E-016)       (0.34682984115738680,-9.07257040400518027E-013)             (-0.92746447011157562,0.0000000000000000)
  -1.4781563126252506            (-0.91355558786591529,3.43206434638344707E-015)       (0.34537992039043619,-2.08286933895513617E-013)             (-0.92821433919645091,0.0000000000000000)
  -1.4749498997995993            (-0.91458245415465134,3.25655551182152502E-015)        (0.34391999114652316,5.17749503636640094E-013)             (-0.92896267470345784,0.0000000000000000)
  -1.4717434869739481            (-0.91560929794277224,8.80427103763391820E-016)        (0.34245001234021055,5.76803552179363789E-013)             (-0.92970944829236801,0.0000000000000000)
  -1.4685370741482966           (-0.91663609547813629,-1.10863716682858266E-015)        (0.34096994293942839,1.77456299803735464E-013)             (-0.93045463134431938,0.0000000000000000)
  -1.4653306613226453           (-0.91766282267834054,-1.84682297423698510E-015)       (0.33947974197031355,-7.72423984461964311E-014)             (-0.93119819495950273,0.0000000000000000)
  -1.4621242484969941           (-0.91868945512666478,-2.16986591312767004E-015)       (0.33797936852156485,-6.75643315471856812E-014)             (-0.93194010995483578,0.0000000000000000)
  -1.4589178356713428           (-0.91971596806801648,-1.95470586518369348E-015)       (0.33646878174810857,-9.22242013467730223E-014)             (-0.93268034686162127,0.0000000000000000)
  -1.4557114228456915            (-0.92074233640481629,7.20173562122359854E-018)       (0.33494794087482632,-2.51026030918603167E-013)             (-0.93341887592319273,0.0000000000000000)
  -1.4525050100200403            (-0.92176853469290720,3.22903906036617728E-015)       (0.33341680520126116,-3.42728419981685857E-013)             (-0.93415566709254538,0.0000000000000000)
  -1.4492985971943888            (-0.92279453713741821,5.38315608649158018E-015)       (0.33187533410701969,-2.15975597442029066E-013)             (-0.93489069002995306,0.0000000000000000)
  -1.4460921843687375            (-0.92382031758863159,4.83493939126314828E-015)        (0.33032348705679210,9.60795222770709501E-014)             (-0.93562391410057089,0.0000000000000000)
  -1.4428857715430863            (-0.92484584953782734,2.04670777753126264E-015)        (0.32876122360468130,4.47909139835445923E-013)             (-0.93635530837202452,0.0000000000000000)
  -1.4396793587174350           (-0.92587110611309853,-1.56051981297701097E-015)        (0.32718850339860289,5.80876222553289097E-013)             (-0.93708484161198569,0.0000000000000000)
  -1.4364729458917838           (-0.92689606007517245,-4.10124934787565463E-015)        (0.32560528618547296,2.75843079544044723E-013)             (-0.93781248228573333,0.0000000000000000)
  -1.4332665330661323           (-0.92792068381320136,-3.80800396782245481E-015)       (0.32401153181692760,-2.87098383985240497E-013)             (-0.93853819855370069,0.0000000000000000)
  -1.4300601202404810           (-0.92894494934055138,-9.65338344780305912E-016)       (0.32240720025514025,-5.72983557099079877E-013)             (-0.93926195826900993,0.0000000000000000)
  -1.4268537074148298            (-0.92996882829056504,1.74960780021637789E-015)       (0.32079225157851815,-3.25662813246492138E-013)             (-0.93998372897499149,0.0000000000000000)
  -1.4236472945891785            (-0.93099229191232802,2.09340834000458657E-015)        (0.31916664598708483,9.38675628683328027E-014)             (-0.94070347790269149,0.0000000000000000)
  -1.4204408817635272            (-0.93201531106639779,1.03242137098354277E-015)        (0.31753034380758566,2.31658027957682443E-013)             (-0.94142117196836339,0.0000000000000000)
  -1.4172344689378757            (-0.93303785622054525,4.98389469653590169E-016)        (0.31588330549908827,1.26332194483874682E-013)             (-0.94213677777094906,0.0000000000000000)
  -1.4140280561122245            (-0.93405989744545215,1.59230759512289340E-017)        (0.31422549165969277,8.77138700413279148E-014)             (-0.94285026158954377,0.0000000000000000)
  -1.4108216432865732           (-0.93508140441042398,-1.85965341766535740E-015)        (0.31255686303357638,1.51252311736675352E-013)             (-0.94356158938084944,0.0000000000000000)
  -1.4076152304609220           (-0.93610234637908285,-4.07784374711764911E-015)        (0.31087738051714958,1.06446615166199122E-013)             (-0.94427072677661361,0.0000000000000000)
  -1.4044088176352707           (-0.93712269220504041,-3.93726415550103046E-015)       (0.30918700516464309,-8.73406656060673534E-014)             (-0.94497763908105703,0.0000000000000000)
  -1.4012024048096192           (-0.93814241032757317,-1.30344245334719331E-015)       (0.30748569819459737,-2.46339480519417909E-013)             (-0.94568229126828518,0.0000000000000000)
  -1.3979959919839680            (-0.93916146876726359,1.47207139754350866E-015)       (0.30577342099743354,-2.45774070982881367E-013)             (-0.94638464797969069,0.0000000000000000)
  -1.3947895791583167            (-0.94017983512165471,2.70415404849696442E-015)       (0.30405013514274626,-1.06200305786519383E-013)             (-0.94708467352133907,0.0000000000000000)
  -1.3915831663326654            (-0.94119747656088537,2.56662463537599382E-015)        (0.30231580238573363,1.08325136453612687E-013)             (-0.94778233186134486,0.0000000000000000)
  -1.3883767535070142            (-0.94221435982329926,1.37969625883660036E-015)        (0.30057038467391289,2.60269449678604129E-013)             (-0.94847758662723292,0.0000000000000000)
  -1.3851703406813629           (-0.94323045121106175,-4.15278890614422083E-016)        (0.29881384415492473,1.48262365286404031E-013)             (-0.94917040110328821,0.0000000000000000)
  -1.3819639278557114           (-0.94424571658575551,-1.05474003126004777E-015)       (0.29704614318467004,-1.94494779737795418E-013)             (-0.94986073822789330,0.0000000000000000)
  -1.3787575150300602            (-0.94526012136397686,6.99186080071103330E-016)       (0.29526724433493262,-3.56474572654566845E-013)             (-0.95054856059085324,0.0000000000000000)
  -1.3755511022044089            (-0.94627363051290314,2.72794576753317600E-015)       (0.29347711040084218,-3.25972264895068298E-014)             (-0.95123383043070875,0.0000000000000000)
  -1.3723446893787576            (-0.94728620854587253,1.92010996713912962E-015)        (0.29167570440874352,4.36564231922060750E-013)             (-0.95191650963203611,0.0000000000000000)
  -1.3691382765531064           (-0.94829781951792869,-9.21364834784378838E-016)        (0.28986298962434193,4.02364398596239139E-013)             (-0.95259655972273738,0.0000000000000000)
  -1.3659318637274551           (-0.94930842702137563,-1.69576246761949953E-015)       (0.28803892956098270,-1.85782940922201792E-013)             (-0.95327394187131709,0.0000000000000000)
  -1.3627254509018036            (-0.95031799418130458,1.05799170474938062E-015)       (0.28620348798843792,-6.08405907723225220E-013)             (-0.95394861688414834,0.0000000000000000)
  -1.3595190380761524            (-0.95132648365112638,3.63924766636323028E-015)       (0.28435662894203040,-2.87210271452857735E-013)             (-0.95462054520272732,0.0000000000000000)
  -1.3563126252505011            (-0.95233385760808043,2.39040336926710220E-015)        (0.28249831673128445,4.36071995482579895E-013)             (-0.95528968690091653,0.0000000000000000)
  -1.3531062124248499           (-0.95334007774875074,-1.68021446735599475E-015)        (0.28062851594804589,7.10210099274149535E-013)             (-0.95595600168217720,0.0000000000000000)
  -1.3498997995991986           (-0.95434510528454375,-4.46021415143742289E-015)        (0.27874719147529464,2.09181351334613454E-013)             (-0.95661944887679040,0.0000000000000000)
  -1.3466933867735471           (-0.95534890093717229,-3.54434766537666858E-015)       (0.27685430849725723,-5.22983616359281753E-013)             (-0.95727998743906884,0.0000000000000000)
  -1.3434869739478958            (-0.95635142493412906,1.80694766092783930E-016)       (0.27494983250976329,-7.31160189370402983E-013)             (-0.95793757594455609,0.0000000000000000)
  -1.3402805611222446            (-0.95735263700415274,3.49768363673535417E-015)       (0.27303372932965869,-2.32471733404274935E-013)             (-0.95859217258721752,0.0000000000000000)
  -1.3370741482965933            (-0.95835249637267550,3.38781978349995213E-015)        (0.27110596510371837,4.85379013928674540E-013)             (-0.95924373517662098,0.0000000000000000)
  -1.3338677354709421           (-0.95935096175726164,-6.05600588196478206E-016)        (0.26916650631820332,7.78661685915406997E-013)             (-0.95989222113510575,0.0000000000000000)
  -1.3306613226452906           (-0.96034799136302706,-5.15699947643769671E-015)        (0.26721531980936331,4.02731313872678299E-013)             (-0.96053758749494489,0.0000000000000000)
  -1.3274549098196393           (-0.96134354287805224,-5.84487154218686874E-015)       (0.26525237277431829,-3.12390379534439842E-013)             (-0.96117979089549610,0.0000000000000000)
  -1.3242484969939881           (-0.96233757346878701,-1.77727585807447722E-015)       (0.26327763278191502,-7.50296101719628738E-013)             (-0.96181878758034411,0.0000000000000000)
  -1.3210420841683368            (-0.96333003977544374,3.19740706108937763E-015)       (0.26129106778340955,-5.47570014671474786E-013)             (-0.96245453339443421,0.0000000000000000)
  -1.3178356713426855            (-0.96432089790738096,4.90363469936347554E-015)        (0.25929264612292691,6.84002211153037931E-014)             (-0.96308698378119839,0.0000000000000000)
  -1.3146292585170340            (-0.96531010343845991,2.76040502822283633E-015)        (0.25728233654801286,5.05774855613599984E-013)             (-0.96371609377967049,0.0000000000000000)
  -1.3114228456913828           (-0.96629761140240267,-5.77018416079155354E-016)        (0.25526010822088468,4.08948916345261934E-013)             (-0.96434181802159580,0.0000000000000000)
  -1.3082164328657315           (-0.96728337628811756,-2.23347627413462751E-015)       (0.25322593073040045,-1.36776554174705324E-014)             (-0.96496411072853205,0.0000000000000000)
  -1.3050100200400803           (-0.96826735203503511,-1.31863946870496094E-015)       (0.25117977410402098,-2.87368599404183194E-013)             (-0.96558292570894311,0.0000000000000000)
  -1.3018036072144290            (-0.96924949202841948,9.74858970145514679E-016)       (0.24912160881937795,-2.00192089438357408E-013)             (-0.96619821635528480,0.0000000000000000)
  -1.2985971943887775            (-0.97022974909466564,2.38939116828906813E-015)        (0.24705140581591076,5.43247068036187769E-014)             (-0.96680993564108508,0.0000000000000000)
  -1.2953907815631263            (-0.97120807549658050,1.61743918910637468E-015)        (0.24496913650705665,1.89618958382842707E-013)             (-0.96741803611801669,0.0000000000000000)
  -1.2921843687374750           (-0.97218442292865082,-3.13721039535572694E-016)        (0.24287477279269712,1.29234163624410301E-013)             (-0.96802246991296403,0.0000000000000000)
  -1.2889779559118237           (-0.97315874251229872,-1.38732157985477499E-015)       (0.24076828707162196,-1.51289522768523127E-014)             (-0.96862318872508468,0.0000000000000000)
  -1.2857715430861725           (-0.97413098479110616,-8.17798507898984615E-016)       (0.23864965225425561,-1.29698495266672843E-013)             (-0.96922014382286470,0.0000000000000000)
  -1.2825651302605212            (-0.97510109972604797,5.35783383174356841E-016)       (0.23651884177584928,-1.70157681661395938E-013)             (-0.96981328604116901,0.0000000000000000)
  -1.2793587174348700            (-0.97606903669069078,1.68053036372771946E-015)       (0.23437582960978676,-1.10800131388709621E-013)             (-0.97040256577828687,0.0000000000000000)
  -1.2761523046092185            (-0.97703474446639060,2.02764967159923147E-015)        (0.23222059028069092,6.16312025180866806E-014)             (-0.97098793299297348,0.0000000000000000)
  -1.2729458917835672            (-0.97799817123744992,7.22468871769649489E-016)        (0.23005309887762579,2.71604121509769296E-013)             (-0.97156933720148753,0.0000000000000000)
  -1.2697394789579159           (-0.97895926458628091,-2.28326379579866335E-015)        (0.22787333106777416,3.37841639380591476E-013)             (-0.97214672747462383,0.0000000000000000)
  -1.2665330661322647           (-0.97991797148853188,-4.97699491699829387E-015)        (0.22568126311047229,1.22270800568885464E-013)             (-0.97272005243474580,0.0000000000000000)
  -1.2633266533066134           (-0.98087423830820841,-4.42399900973798644E-015)       (0.22347687187144333,-2.69179957206781291E-013)             (-0.97328926025281104,0.0000000000000000)
  -1.2601202404809619           (-0.98182801079276583,-4.10288725628726273E-016)       (0.22126013483727341,-4.93192477548517877E-013)             (-0.97385429864539896,0.0000000000000000)
  -1.2569138276553107            (-0.98277923406819767,3.68451459298129740E-015)       (0.21903103013006145,-2.82396380694652040E-013)             (-0.97441511487173249,0.0000000000000000)
  -1.2537074148296594            (-0.98372785263408891,4.09794310903346939E-015)        (0.21678953652191746,2.16259910705028728E-013)             (-0.97497165573070188,0.0000000000000000)
  -1.2505010020040082            (-0.98467381035866153,6.41384557077139739E-016)        (0.21453563344937651,5.11198311421151118E-013)             (-0.97552386755788512,0.0000000000000000)
  -1.2472945891783569           (-0.98561705047378645,-3.30145985401610924E-015)        (0.21226930102836486,2.74253528947904441E-013)             (-0.97607169622256884,0.0000000000000000)
  -1.2440881763527054           (-0.98655751556997973,-4.05641631659259068E-015)       (0.20999052007003133,-2.56667546930552472E-013)             (-0.97661508712476996,0.0000000000000000)
  -1.2408817635270541           (-0.98749514759138535,-1.07468497074731814E-015)       (0.20769927209684483,-5.01161896799686721E-013)             (-0.97715398519225616,0.0000000000000000)
  -1.2376753507014029            (-0.98842988783072816,2.57196973128844209E-015)       (0.20539553935824989,-1.83968640296394899E-013)             (-0.97768833487756834,0.0000000000000000)
  -1.2344689378757516            (-0.98936167692425714,2.79795576124567269E-015)        (0.20307930484599165,3.45147983796423660E-013)             (-0.97821808015504630,0.0000000000000000)
  -1.2312625250501004           (-0.99029045484665390,-1.00007002937928725E-015)        (0.20075055230981989,5.07293759774802887E-013)             (-0.97874316451785315,0.0000000000000000)
  -1.2280561122244489           (-0.99121616090592124,-4.88328665805162512E-015)        (0.19840926627401437,1.39543614752106800E-013)             (-0.97926353097500485,0.0000000000000000)
  -1.2248496993987976           (-0.99213873373823924,-4.31841416666013326E-015)       (0.19605543205451054,-3.51771121706444599E-013)             (-0.97977912204840345,0.0000000000000000)
  -1.2216432865731464            (-0.99305811130282662,3.95052240238407789E-016)       (0.19368903577605129,-4.62571997867958188E-013)             (-0.98028987976987148,0.0000000000000000)
  -1.2184368737474951            (-0.99397423087675019,4.43091310949044583E-015)       (0.19131006438893972,-1.20574149150399691E-013)             (-0.98079574567819416,0.0000000000000000)
  -1.2152304609218438            (-0.99488702904973914,3.96904359548284327E-015)        (0.18891850568564858,2.84522430704309822E-013)             (-0.98129666081616418,0.0000000000000000)
  -1.2120240480961924            (-0.99579644171895432,3.24375645304619972E-016)        (0.18651434831796182,3.39038440378549953E-013)             (-0.98179256572763340,0.0000000000000000)
  -1.2088176352705411           (-0.99670240408372290,-2.26263974035348627E-015)        (0.18409758181501992,2.47432850458456856E-014)             (-0.98228340045457041,0.0000000000000000)
  -1.2056112224448898           (-0.99760485064027904,-1.36434871416737428E-015)       (0.18166819660171479,-2.87218386747325561E-013)             (-0.98276910453412536,0.0000000000000000)
  -1.2024048096192386            (-0.99850371517646286,1.39063193925704422E-015)       (0.17922618401672430,-2.41113757158235545E-013)             (-0.98324961699570279,0.0000000000000000)
  -1.1991983967935873            (-0.99939893076640918,2.66671919145800095E-015)        (0.17677153633028081,1.13148933299605332E-013)             (-0.98372487635804207,0.0000000000000000)
  -1.1959919839679358             (-1.0002904297651942,8.04665463467638033E-016)        (0.17430424676236209,3.65827710172963131E-013)             (-0.98419482062630748,0.0000000000000000)
  -1.1927855711422848            (-1.0011781438034648,-2.19059376271090559E-015)        (0.17182430950156455,2.13624796009255772E-013)             (-0.98465938728918756,0.0000000000000000)
  -1.1895791583166333            (-1.0020620037820389,-2.78811734923495295E-015)       (0.16933171972430569,-1.73780697555667626E-013)             (-0.98511851331600675,0.0000000000000000)
  -1.1863727454909820            (-1.0029419398665032,-1.64602976521490810E-017)       (0.16682647361409284,-3.50425415386613536E-013)             (-0.98557213515384545,0.0000000000000000)
  -1.1831663326653308             (-1.0038178814817553,3.07003174904088082E-015)       (0.16430856838086375,-1.37745973463957452E-013)             (-0.98602018872467412,0.0000000000000000)
  -1.1799599198396795             (-1.0046897573065516,2.72180329512932701E-015)        (0.16177800228041267,1.73640041626641383E-013)             (-0.98646260942250097,0.0000000000000000)
  -1.1767535070140283            (-1.0055574952680089,-4.77756935200191063E-016)        (0.15923477463390115,2.20394319752903786E-013)             (-0.98689933211052983,0.0000000000000000)
  -1.1735470941883768            (-1.0064210225360948,-2.56856684664776321E-015)        (0.15667888584779419,1.57227702212602381E-014)             (-0.98733029111833737,0.0000000000000000)
  -1.1703406813627255            (-1.0072802655180819,-1.57290992204900148E-015)       (0.15411033743445088,-1.34738669352850536E-013)             (-0.98775542023906149,0.0000000000000000)
  -1.1671342685370742             (-1.0081351498529993,3.04256627877521124E-016)       (0.15152913203292667,-6.93928083335281890E-014)             (-0.98817465272660854,0.0000000000000000)
  -1.1639278557114230             (-1.0089856004060478,3.13620671785348062E-016)        (0.14893527342940641,6.48648237168839711E-014)             (-0.98858792129287554,0.0000000000000000)
  -1.1607214428857717            (-1.0098315412629950,-1.06504232027191209E-015)        (0.14632876657757060,7.64291988254595594E-014)             (-0.98899515810499172,0.0000000000000000)
  -1.1575150300601202            (-1.0106728957245450,-1.53497554357736958E-015)       (0.14370961761970097,-1.91079011897468144E-014)             (-0.98939629478257929,0.0000000000000000)
  -1.1543086172344690            (-1.0115095863006862,-4.72022943103479864E-016)       (0.14107783390854065,-7.57137770654029383E-014)             (-0.98979126239503279,0.0000000000000000)
  -1.1511022044088177             (-1.0123415347050326,5.94055680856895348E-016)       (0.13843342402906272,-3.14125550257374985E-014)             (-0.99017999145881941,0.0000000000000000)
  -1.1478957915831665             (-1.0131686618491320,4.58977957297651348E-016)        (0.13577639781983100,3.95455276856645482E-014)             (-0.99056241193480143,0.0000000000000000)
  -1.1446893787575152            (-1.0139908878367627,-2.92285854703104280E-016)        (0.13310676639463567,4.09706942500155950E-014)             (-0.99093845322558194,0.0000000000000000)
  -1.1414829659318637            (-1.0148081319581947,-4.04601943147298586E-016)       (0.13042454216493626,-3.32766340228504083E-014)             (-0.99130804417287277,0.0000000000000000)
  -1.1382765531062125             (-1.0156203126844519,6.22933767369758729E-016)       (0.12772973886268574,-8.68024207329238636E-014)             (-0.99167111305488731,0.0000000000000000)
  -1.1350701402805612             (-1.0164273476615493,1.62408906300777409E-015)       (0.12502237156293111,-1.85515650350911990E-014)             (-0.99202758758376208,0.0000000000000000)
  -1.1318637274549099             (-1.0172291537047202,6.89858749244403644E-016)        (0.12230245670633627,1.35159427410893851E-013)             (-0.99237739490300036,0.0000000000000000)
  -1.1286573146292587            (-1.0180256467926287,-2.28833114073502277E-015)        (0.11957001212213209,1.90088606586426840E-013)             (-0.99272046158494720,0.0000000000000000)
  -1.1254509018036072            (-1.0188167420615417,-4.31670171044006586E-015)        (0.11682505705159023,2.53638444119930342E-014)             (-0.99305671362829284,0.0000000000000000)
  -1.1222444889779559            (-1.0196023537995265,-1.95426023197809780E-015)       (0.11406761217174144,-2.16273316905059617E-013)             (-0.99338607645560528,0.0000000000000000)
  -1.1190380761523047             (-1.0203823954406130,3.70411902049734851E-015)       (0.11129769961916582,-2.56648417040008827E-013)             (-0.99370847491089509,0.0000000000000000)
  -1.1158316633266534             (-1.0211567795589656,6.97556562850675717E-015)       (0.10851534301386968,-3.11040753369493199E-014)             (-0.99402383325721300,0.0000000000000000)
  -1.1126252505010021             (-1.0219254178630195,4.13424607228602542E-015)        (0.10572056748327094,2.09378347257970404E-013)             (-0.99433207517427957,0.0000000000000000)
  -1.1094188376753507            (-1.0226882211896362,-1.71928353126656762E-015)        (0.10291339968643282,2.04418119989537040E-013)             (-0.99463312375615243,0.0000000000000000)
  -1.1062124248496996            (-1.0234450994982363,-4.23297458406974977E-015)       (0.10009386783874864,-6.63856446772812588E-015)             (-0.99492690150892626,0.0000000000000000)
  -1.1030060120240481            (-1.0241959618649192,-1.57672717333829803E-015)  (9.72620017370259271E-002,-1.66649360561190590E-013)             (-0.99521333034847403,0.0000000000000000)
  -1.0997995991983969             (-1.0249407164766162,2.31965275750685720E-015)  (9.44178327846298959E-002,-1.21400958899134985E-013)             (-0.99549233159822392,0.0000000000000000)
  -1.0965931863727456             (-1.0256792706252058,2.95834982036591833E-015)   (9.15613940164980017E-002,4.12011193754786415E-014)             (-0.99576382598697777,0.0000000000000000)
  -1.0933867735470941             (-1.0264115307016635,1.09925795498378591E-016)   (8.86927201243093571E-002,1.41022668997551383E-013)             (-0.99602773364676922,0.0000000000000000)
  -1.0901803607214431            (-1.0271374021901858,-3.09053173292750092E-015)   (8.58118474821263216E-002,1.00296658847644821E-013)             (-0.99628397411076874,0.0000000000000000)
  -1.0869739478957916            (-1.0278567896623192,-3.88580941122488803E-015)  (8.29188141724523098E-002,-1.79403484882588412E-014)             (-0.99653246631122638,0.0000000000000000)
  -1.0837675350701403            (-1.0285695967711195,-1.91692048703999815E-015)  (8.00136600124231462E-002,-9.95705826624527054E-014)             (-0.99677312857746614,0.0000000000000000)
  -1.0805611222444891             (-1.0292757262453134,8.20906957760846933E-016)  (7.70964265800079679E-002,-8.18112509605218056E-014)             (-0.99700587863392309,0.0000000000000000)
  -1.0773547094188378             (-1.0299750798834679,1.80705922719451949E-015)   (7.41671572403428819E-002,3.61847091810268504E-015)             (-0.99723063359823072,0.0000000000000000)
  -1.0741482965931866             (-1.0306675585481728,1.19153841545937443E-016)   (7.12258971723138401E-002,6.95741130713151193E-014)             (-0.99744730997935849,0.0000000000000000)
  -1.0709418837675351            (-1.0313530621602427,-2.60188812824052987E-015)   (6.82726933954166393E-002,5.99527063418527264E-014)             (-0.99765582367579908,0.0000000000000000)
  -1.0677354709418838            (-1.0320314896929323,-3.69335202434727399E-015)  (6.53075947968519560E-002,-3.43531789196409480E-015)             (-0.99785608997381070,0.0000000000000000)
  -1.0645290581162326            (-1.0327027391661834,-1.92970793529408373E-015)  (6.23306521587964069E-002,-5.77488956779399151E-014)             (-0.99804802354571132,0.0000000000000000)
  -1.0613226452905813             (-1.0333667076408968,1.54343521235580743E-015)  (5.93419181858103953E-002,-6.32956609916428306E-014)             (-0.99823153844823065,0.0000000000000000)
  -1.0581162324649300             (-1.0340232912132286,4.24330516822478844E-015)  (5.63414475324098760E-002,-2.39019112020368681E-014)             (-0.99840654812092045,0.0000000000000000)
  -1.0549098196392785             (-1.0346723850089101,4.00738598989053900E-015)   (5.33292968308438642E-002,3.05206512875593022E-014)             (-0.99857296538462159,0.0000000000000000)
  -1.0517034068136275             (-1.0353138831776232,7.17543471163755106E-016)   (5.03055247190585184E-002,6.14954692724478858E-014)             (-0.99873070243999384,0.0000000000000000)
  -1.0484969939879760            (-1.0359476788873920,-3.09567495219529850E-015)   (4.72701918688122058E-002,4.12803673612238565E-014)             (-0.99887967086610907,0.0000000000000000)
  -1.0452905811623248            (-1.0365736643190182,-3.65362411156553198E-015)  (4.42233610139898536E-002,-1.89467121590056781E-014)             (-0.99901978161910532,0.0000000000000000)
  -1.0420841683366735             (-1.0371917306605658,3.18147781846155555E-016)  (4.11650969791411345E-002,-6.68597227040807534E-014)             (-0.99915094503091051,0.0000000000000000)
  -1.0388777555110220             (-1.0378017681018994,5.64918956432608232E-015)  (3.80954667081862680E-002,-5.62542417489999911E-014)             (-0.99927307080803340,0.0000000000000000)
  -1.0356713426853710             (-1.0384036658292595,7.40055159807722297E-015)   (3.50145392931988028E-002,3.13230675423319289E-015)             (-0.99938606803042074,0.0000000000000000)
  -1.0324649298597195             (-1.0389973120199107,3.71708886104549158E-015)   (3.19223860032906426E-002,5.53616083843823505E-014)             (-0.99948984515039152,0.0000000000000000)
  -1.0292585170340682            (-1.0395825938368328,-2.42700505519389932E-015)   (2.88190803137213479E-002,5.67936490361558204E-014)             (-0.99958430999163872,0.0000000000000000)
  -1.0260521042084170            (-1.0401593974234626,-6.16522624054936440E-015)   (2.57046979352358977E-002,1.54435049283181076E-014)             (-0.99966936974831033,0.0000000000000000)
  -1.0228456913827655            (-1.0407276078985315,-4.82988084951212044E-015)  (2.25793168435566294E-002,-2.58405891897900776E-014)             (-0.99974493098416528,0.0000000000000000)
  -1.0196392785571144             (-1.0412871093509548,5.59428258947149449E-017)  (1.94430173089551218E-002,-3.45916274965234912E-014)             (-0.99981089963180958,0.0000000000000000)
  -1.0164328657314630             (-1.0418377848348122,4.13973476095487259E-015)  (1.62958819259160920E-002,-1.42882569324091289E-014)             (-0.99986718099201188,0.0000000000000000)
  -1.0132264529058117             (-1.0423795163643961,4.07056029533218653E-015)   (1.31379956429444507E-002,8.24814958615805787E-015)             (-0.99991367973310308,0.0000000000000000)
  -1.0100200400801604             (-1.0429121849093315,3.03389845360391266E-016)   (9.96944579253021546E-003,1.38190810550194457E-014)             (-0.99995029989046091,0.0000000000000000)
  -1.0068136272545090            (-1.0434356703898002,-3.51096118235515009E-015)   (6.79032212126855737E-003,6.30400617957908152E-015)             (-0.99997694486608024,0.0000000000000000)
  -1.0036072144288579            (-1.0439498516718466,-4.55837156975944206E-015)  (3.60071682009095511E-003,-4.11282191475149012E-017)             (-0.99999351742823406,0.0000000000000000)
  -1.0004008016032064            (-1.0444546065627969,-3.22840450317074174E-015)  (4.00724554568302176E-004,-1.92213155440919821E-016)             (-0.99999991971122382,0.0000000000000000)
 -0.99719438877755517            (-1.0449498118067675,-1.81784992579238806E-015)  (-2.80955750468798050E-003,1.08518158201035810E-015)             (-0.99999605321522411,0.0000000000000000)
 -0.99398797595190391            (-1.0454353430802785,-1.15734667635959839E-015)  (-6.03002965150184218E-003,2.04775428005669959E-015)             (-0.99998181880622283,0.0000000000000000)
 -0.99078156312625254            (-1.0459110749879892,-1.92076309199422963E-016)  (-9.26058961349689527E-003,5.21399295220688612E-015)             (-0.99995711671605814,0.0000000000000000)
 -0.98757515030060128             (-1.0463768810585248,1.61305121392594796E-015)  (-1.25011325214043172E-002,6.53486878624810323E-015)             (-0.99992184654255534,0.0000000000000000)
 -0.98436873747495002             (-1.0468326337404670,3.03126976205695096E-015) (-1.57515508783089078E-002,-2.21791506582208266E-015)             (-0.99987590724976605,0.0000000000000000)
 -0.98116232464929864             (-1.0472782043984361,2.64443869762745573E-015) (-1.90117345287860937E-002,-1.51610395423078418E-014)             (-0.99981919716831169,0.0000000000000000)
 -0.97795591182364738             (-1.0477134633093246,9.95076999118331717E-016) (-2.22815706279536375E-002,-1.18719657693916260E-014)             (-0.99975161399583290,0.0000000000000000)
 -0.97474949899799612             (-1.0481382796586469,1.21228112165287126E-016)  (-2.55609436105047570E-002,1.18140546349430430E-014)             (-0.99967305479754809,0.0000000000000000)
 -0.97154308617234475             (-1.0485525215370652,7.57901044100277275E-016)  (-2.88497351597290091E-002,2.58700028059547234E-014)             (-0.99958341600692380,0.0000000000000000)
 -0.96833667334669349             (-1.0489560559370354,1.30430076474025924E-015)  (-3.21478241764564174E-002,1.63371981408174666E-015)             (-0.99948259342645762,0.0000000000000000)
 -0.96513026052104223            (-1.0493487487496220,-2.44736805440128862E-017) (-3.54550867479199311E-002,-3.87099072276295921E-014)             (-0.99937048222857772,0.0000000000000000)
 -0.96192384769539085            (-1.0497304647614702,-2.22352762485387387E-015) (-3.87713961165934012E-002,-3.71312152969711472E-014)             (-0.99924697695666054,0.0000000000000000)
 -0.95871743486973959            (-1.0501010676519344,-2.10955618253033979E-015)  (-4.20966226490580575E-002,2.32971353696298339E-014)             (-0.99911197152616926,0.0000000000000000)
 -0.95551102204408822             (-1.0504604199903935,1.68297167780429215E-015)  (-4.54306338049054112E-002,7.97019442370871918E-014)             (-0.99896535922591645,0.0000000000000000)
 -0.95230460921843696             (-1.0508083832337394,5.94050746401461691E-015)  (-4.87732941056439051E-002,5.46717431891389353E-014)             (-0.99880703271945070,0.0000000000000000)
 -0.94909819639278570             (-1.0511448177240512,6.00285328707903928E-015) (-5.21244651035672885E-002,-4.46273140817575433E-014)             (-0.99863688404657391,0.0000000000000000)
 -0.94589178356713433             (-1.0514695826864564,1.21579552659693508E-015) (-5.54840053505517850E-002,-1.19279902921505080E-013)             (-0.99845480462498815,0.0000000000000000)
 -0.94268537074148306            (-1.0517825362271900,-4.09258626438780567E-015) (-5.88517703668772971E-002,-8.47319069896495009E-014)             (-0.99826068525207556,0.0000000000000000)
 -0.93947895791583180            (-1.0520835353318396,-5.55724095249726401E-015)  (-6.22276126102399435E-002,2.79427087052430948E-014)             (-0.99805441610681678,0.0000000000000000)
 -0.93627254509018043            (-1.0523724358638293,-3.13817691223916177E-015)  (-6.56113814449428012E-002,9.93241745269883224E-014)             (-0.99783588675184498,0.0000000000000000)
 -0.93306613226452917            (-1.0526490925631076,-4.18311162500224406E-016)  (-6.90029231110386443E-002,5.73507712975933177E-014)             (-0.99760498613564452,0.0000000000000000)
 -0.92985971943887780             (-1.0529133590450508,1.06162887332385787E-016) (-7.24020806933121236E-002,-3.52728454658018886E-014)             (-0.99736160259489082,0.0000000000000000)
 -0.92665330661322654            (-1.0531650877996055,-9.46891843168323899E-016) (-7.58086940903379969E-002,-5.85953301262579380E-014)             (-0.99710562385694013,0.0000000000000000)
 -0.92344689378757527            (-1.0534041301906429,-1.33151624908220833E-015)  (-7.92225999838954975E-002,7.16891637098878390E-015)             (-0.99683693704246634,0.0000000000000000)
 -0.92024048096192390            (-1.0536303364555852,-5.57691949327549859E-016)  (-8.26436318086497534E-002,5.22975323893329830E-014)             (-0.99655542866825186,0.0000000000000000)
 -0.91703406813627264            (-1.0538435557052597,-1.22704919832600958E-016) (-8.60716197217706869E-002,-7.51574874255838412E-015)             (-0.99626098465013302,0.0000000000000000)
 -0.91382765531062138            (-1.0540436359240211,-1.46984745813345913E-015) (-8.95063905724438058E-002,-9.59337246851933359E-014)             (-0.99595349030610347,0.0000000000000000)
 -0.91062124248497001            (-1.0542304239701359,-3.32303661089085537E-015) (-9.29477678715566746E-002,-6.38911359604186108E-014)             (-0.99563283035957906,0.0000000000000000)
 -0.90741482965931874            (-1.0544037655764085,-2.56183295439453931E-015)  (-9.63955717617996227E-002,9.85363292372704660E-014)             (-0.99529888894282581,0.0000000000000000)
 -0.90420841683366737             (-1.0545635053511211,1.58307473846487948E-015)  (-9.98496189880833246E-002,2.15734342482800109E-013)             (-0.99495154960055454,0.0000000000000000)
 -0.90100200400801611             (-1.0547094867792375,5.59712518974840107E-015)       (-0.10330972286801381,1.26958577058457414E-013)             (-0.99459069529368593,0.0000000000000000)
 -0.89779559118236485             (-1.0548415522238963,5.20984675766189342E-015)      (-0.10677569326235078,-1.11093405841205192E-013)             (-0.99421620840328662,0.0000000000000000)
 -0.89458917835671348             (-1.0549595429282015,3.95555250003648659E-016)      (-0.11024733654557965,-2.68249700767257346E-013)             (-0.99382797073468199,0.0000000000000000)
 -0.89138276553106222            (-1.0550632990173279,-4.25166354429978527E-015)      (-0.11372445557686688,-1.79663697947360427E-013)             (-0.99342586352174667,0.0000000000000000)
 -0.88817635270541095            (-1.0551526595009033,-4.42139208971141837E-015)       (-0.11720684967152958,8.19204215280696615E-014)             (-0.99300976743137670,0.0000000000000000)
 -0.88496993987975958            (-1.0552274622757452,-2.26230566948536703E-016)       (-0.12069431457287874,2.72978928922021389E-013)             (-0.99257956256814572,0.0000000000000000)
 -0.88176352705410832             (-1.0552875441289169,4.40329866624782711E-015)       (-0.12418664242411824,2.15288603758685691E-013)             (-0.99213512847914942,0.0000000000000000)
 -0.87855711422845706             (-1.0553327407411006,5.71980780939949911E-015)      (-0.12768362174023332,-2.88204134709325979E-014)             (-0.99167634415903916,0.0000000000000000)
 -0.87535070140280569             (-1.0553628866903215,3.06727045867347927E-015)      (-0.13118503738019571,-2.22011962910170893E-013)             (-0.99120308805525037,0.0000000000000000)
 -0.87214428857715443            (-1.0553778154560089,-9.74726428135757219E-016)      (-0.13469067051979783,-1.97420080955683950E-013)             (-0.99071523807342721,0.0000000000000000)
 -0.86893787575150305            (-1.0553773594234013,-3.17131656203140701E-015)      (-0.13820029862500832,-1.77502154782145072E-014)             (-0.99021267158304593,0.0000000000000000)
 -0.86573146292585179            (-1.0553613498883447,-2.42618903289452025E-015)       (-0.14171369542556822,1.23182598638360417E-013)             (-0.98969526542324249,0.0000000000000000)
 -0.86252505010020053            (-1.0553296170624300,-3.24597114886113202E-016)       (-0.14523063088882329,1.15864366515000162E-013)             (-0.98916289590884565,0.0000000000000000)
 -0.85931863727454916             (-1.0552819900785075,7.67496794630073473E-016)       (-0.14875087119398736,9.87969572088188098E-015)             (-0.98861543883661818,0.0000000000000000)
 -0.85611222444889790             (-1.0552182969965951,2.17122580434808416E-016)      (-0.15227417870686930,-8.63139202069081320E-014)             (-0.98805276949171184,0.0000000000000000)
 -0.85290581162324663            (-1.0551383648101711,-9.53019257005963816E-016)      (-0.15580031195494037,-1.05156543396733877E-013)             (-0.98747476265433587,0.0000000000000000)
 -0.84969939879759526            (-1.0550420194528523,-1.54173019747160916E-015)      (-0.15932902560285908,-3.28592385849459367E-014)             (-0.98688129260664625,0.0000000000000000)
 -0.84649298597194400            (-1.0549290858054809,-1.04978839142681858E-015)       (-0.16286007042869394,9.06488448307220084E-014)             (-0.98627223313985435,0.0000000000000000)
 -0.84328657314629263             (-1.0547993877036190,5.27079189582321644E-016)       (-0.16639319330077681,1.62319020023449549E-013)             (-0.98564745756156147,0.0000000000000000)
 -0.84008016032064137             (-1.0546527479454781,2.09940936558283454E-015)       (-0.16992813715486985,8.25390641013284881E-014)             (-0.98500683870332206,0.0000000000000000)
 -0.83687374749499011             (-1.0544889883002384,1.91568583146461388E-015)      (-0.17346464097161154,-1.15556400669776867E-013)             (-0.98435024892843670,0.0000000000000000)
 -0.83366733466933873            (-1.0543079295168261,-8.10808463510468436E-016)      (-0.17700243975459026,-2.44343532011884554E-013)             (-0.98367756013998109,0.0000000000000000)
 -0.83046092184368747            (-1.0541093913331068,-3.81030153767764647E-015)      (-0.18054126450926913,-1.35184758931452827E-013)             (-0.98298864378907091,0.0000000000000000)
 -0.82725450901803621            (-1.0538931924855439,-3.57673964065908765E-015)       (-0.18408084222260512,1.55603784316665215E-013)             (-0.98228337088336892,0.0000000000000000)
 -0.82404809619238484             (-1.0536591507192861,6.95519554175757984E-016)       (-0.18762089584321628,3.53744616903528052E-013)             (-0.98156161199583514,0.0000000000000000)
 -0.82084168336673358             (-1.0534070827987243,5.39990844035383025E-015)       (-0.19116114426219424,2.28184933038433614E-013)             (-0.98082323727372467,0.0000000000000000)
 -0.81763527054108220             (-1.0531368045185190,6.01696402838109563E-015)      (-0.19470130229452340,-1.38858385769696869E-013)             (-0.98006811644783565,0.0000000000000000)
 -0.81442885771543094             (-1.0528481307150896,1.98197037541572503E-015)      (-0.19824108066098600,-3.88890110674740540E-013)             (-0.97929611884201051,0.0000000000000000)
 -0.81122244488977968            (-1.0525408752785677,-2.97833909597175393E-015)      (-0.20178018597070885,-2.60245272037505471E-013)             (-0.97850711338289476,0.0000000000000000)
 -0.80801603206412831            (-1.0522148511652456,-4.49467037350813944E-015)       (-0.20531832070488698,9.67781132553478862E-014)             (-0.97770096860995437,0.0000000000000000)
 -0.80480961923847705            (-1.0518698704105145,-2.11568680849339366E-015)       (-0.20885518320172047,2.78984680331908093E-013)             (-0.97687755268575727,0.0000000000000000)
 -0.80160320641282579             (-1.0515057441422968,9.12851146753479057E-016)       (-0.21239046764187131,1.20750287748077776E-013)             (-0.97603673340651986,0.0000000000000000)
 -0.79839679358717441             (-1.0511222825949857,1.42516770045909956E-015)      (-0.21592386403403049,-1.06014397052520344E-013)             (-0.97517837821292441,0.0000000000000000)
 -0.79519038076152315             (-1.0507192951238873,2.09856659965926639E-016)      (-0.21945505820122876,-6.94402349297731983E-014)             (-0.97430235420120759,0.0000000000000000)
 -0.79198396793587178             (-1.0502965902201626,4.53493924394519557E-016)       (-0.22298373176874975,1.64296462600604902E-013)             (-0.97340852813452383,0.0000000000000000)
 -0.78877755511022052             (-1.0498539755263079,2.72759954857480294E-015)       (-0.22650956215346399,2.17672511231201933E-013)             (-0.97249676645458949,0.0000000000000000)
 -0.78557114228456926             (-1.0493912578521492,3.67658487243612257E-015)      (-0.23003222255364428,-8.03660732553448049E-014)             (-0.97156693529360638,0.0000000000000000)
 -0.78236472945891788             (-1.0489082431913739,4.92018117574167519E-016)      (-0.23355138193901542,-4.33231393948238004E-013)             (-0.97061890048647137,0.0000000000000000)
 -0.77915831663326662            (-1.0484047367385931,-4.74393003702724291E-015)      (-0.23706670504180877,-4.08557158263779281E-013)             (-0.96965252758327258,0.0000000000000000)
 -0.77595190380761536            (-1.0478805429069507,-6.80620181317660374E-015)       (-0.24057785234947546,4.36660193355594882E-014)             (-0.96866768186207708,0.0000000000000000)
 -0.77274549098196399            (-1.0473354653462483,-3.28452797501027937E-015)       (-0.24408448009886319,4.93576066891085709E-013)             (-0.96766422834201138,0.0000000000000000)
 -0.76953907815631273             (-1.0467693069616832,2.41447305473407046E-015)       (-0.24758624027120099,4.76154638187930226E-013)             (-0.96664203179663888,0.0000000000000000)
 -0.76633266533066147             (-1.0461818699330796,5.04215777153949310E-015)       (-0.25108278058765177,9.31431763816161871E-015)             (-0.96560095676763624,0.0000000000000000)
 -0.76312625250501009             (-1.0455729557347286,2.88879541765181703E-015)      (-0.25457374450570613,-3.98360785462984671E-013)             (-0.96454086757877289,0.0000000000000000)
 -0.75991983967935883            (-1.0449423651557577,-8.99346739207542387E-016)      (-0.25805877121700577,-3.14597795594347387E-013)             (-0.96346162835019422,0.0000000000000000)
 -0.75671342685370746            (-1.0442898983210747,-2.21616237301620619E-015)       (-0.26153749564695683,1.06410085057178659E-013)             (-0.96236310301301320,0.0000000000000000)
 -0.75350701402805620            (-1.0436153547129126,-2.11035689395704010E-016)       (-0.26500954845585017,3.21947144015367683E-013)             (-0.96124515532421217,0.0000000000000000)
 -0.75030060120240494             (-1.0429185331929296,2.13546421725349696E-015)       (-0.26847455604073189,9.13291666413956519E-014)             (-0.96010764888185918,0.0000000000000000)
 -0.74709418837675357             (-1.0421992320248985,1.86086692501688119E-015)      (-0.27193214053782527,-2.41261600869178041E-013)             (-0.95895044714063715,0.0000000000000000)
 -0.74388777555110230            (-1.0414572488979861,-4.97425010135320401E-016)      (-0.27538191982631771,-2.40940171664743885E-013)             (-0.95777341342769484,0.0000000000000000)
 -0.74068136272545104            (-1.0406923809506017,-1.86605424302629609E-015)       (-0.27882350753434465,5.18490226325327757E-014)             (-0.95657641095881607,0.0000000000000000)
 -0.73747494989979967            (-1.0399044247948674,-6.05379582832512528E-016)       (-0.28225651304672311,2.43683168215254683E-013)             (-0.95535930285491322,0.0000000000000000)
 -0.73426853707414841             (-1.0390931765416658,1.57984813523065915E-015)       (-0.28568054151344130,1.39262902380536276E-013)             (-0.95412195215884688,0.0000000000000000)
 -0.73106212424849704             (-1.0382584318262995,2.13312146140027778E-015)      (-0.28909519385890786,-7.55521241531890506E-014)             (-0.95286422185257313,0.0000000000000000)
 -0.72785571142284577             (-1.0373999858347329,8.23459457379248640E-016)      (-0.29250006679301582,-1.63116445174955635E-013)             (-0.95158597487462049,0.0000000000000000)
 -0.72464929859719451            (-1.0365176333304689,-8.52490236149641047E-016)      (-0.29589475282444427,-1.08619662990400585E-013)             (-0.95028707413790081,0.0000000000000000)
 -0.72144288577154314            (-1.0356111686820031,-1.67833704893850355E-015)      (-0.29927884027543561,-1.93273032227432900E-014)             (-0.94896738254785384,0.0000000000000000)
 -0.71823647294589188            (-1.0346803858908993,-1.51734864000136743E-015)       (-0.30265191329746577,6.49198743074278669E-014)             (-0.94762676302092919,0.0000000000000000)
 -0.71503006012024062            (-1.0337250786204928,-4.03260367436801890E-016)       (-0.30601355188837059,1.53816114340712080E-013)             (-0.94626507850340602,0.0000000000000000)
 -0.71182364729458925             (-1.0327450402251857,1.46083698688182102E-015)       (-0.30936333191165705,1.91726532149038974E-013)             (-0.94488219199055445,0.0000000000000000)
 -0.70861723446893798             (-1.0317400637803569,2.87270850054675946E-015)       (-0.31270082511771713,7.21875975904335247E-014)             (-0.94347796654613936,0.0000000000000000)
 -0.70541082164328661             (-1.0307099421129122,2.02068710704840537E-015)      (-0.31602559916629280,-2.13218985601559526E-013)             (-0.94205226532226705,0.0000000000000000)
 -0.70220440881763535            (-1.0296544678324266,-1.37060272664140609E-015)      (-0.31933721765020767,-4.64336042885374679E-013)             (-0.94060495157957991,0.0000000000000000)
 -0.69899799599198409            (-1.0285734333629188,-5.03856789633599011E-015)      (-0.32263524012105721,-3.77336186173355734E-013)             (-0.93913588870779574,0.0000000000000000)
 -0.69579158316633272            (-1.0274666309752345,-5.66716704444169463E-015)       (-0.32591922211720525,1.25788602358258364E-013)             (-0.93764494024659906,0.0000000000000000)
 -0.69258517034068146            (-1.0263338528200565,-2.02700619049929380E-015)       (-0.32918871519383119,6.64775778184635064E-013)             (-0.93613196990687997,0.0000000000000000)
 -0.68937875751503019             (-1.0251748909615499,3.42836039246304531E-015)       (-0.33244326695463794,6.80395469304603415E-013)             (-0.93459684159232537,0.0000000000000000)
 -0.68617234468937882             (-1.0239895374115997,6.23721890389025198E-015)       (-0.33568242108491658,7.86298444536915690E-014)             (-0.93303941942136337,0.0000000000000000)
